{
  "document_id": "HOUSE_OVERSIGHT_018838",
  "filename": "IMAGES-005-HOUSE_OVERSIGHT_018838.txt",
  "text": "Marina Market Analysis 28\n\nProduct/Service Revenues - 2014 Over 2013\n\nDecreased Stayed Same Increased\n\nService % of Respondents\n\nSailing/ Training School 4.0% 48.0% 48.0%\nCabin/Campground/RV 0.0% 35.0% 65.0%\nEvent Services/Venue 8.0% 40.0% 52.0%\nTour Boat/Charter Fishing/Water Taxi 9.0% 45.5% 45.5%\nWater Toy Rental 12.0% 18.0% 70.0%\nBoat Rental 12.3% 16.3% 61.4%\nBoat Club 13.0% 48.0% 39.0%\nPumpout 8.0% 65.0% 27.0%\nUsed Boat Sales/Brokerage 21.0% 32.0% 47.0%\nNew Boat Sales/Brokerage 18.0% 27.0% 55.0%\nSelf-Service Repair 7.3% 76.4% 16.3%\nHaul-Out/Winteri zation Services 17.8% 54.6% 27.6%\nBoat Maintenance/Repair 27.0% 30.0% 43.0%\nShip/Convenience Store 21.5% 36.7% 41.8%\nCommercial /Retail Lease Space 4.4% 54.4% 41.2%\nRestaurant 11.0% 28.0% 61.0%\nFuel 26.5% 18.0% 55.5%\nLaunch Ramp 8.7% 57.6% 33.7%\nMoorings 11.0% 36.0% 53.0%\nDry Storage 15.0% 37.0% 48.0%\nTransient Slips 17.0% 35.0% 48.0%\nLeased Slips 16.0% 28.0% 56.0%\n\nThe subject has campground/RV pad sites and will also include cabins with 65% of respondents\nindicating increases in their revenues for this department. The subject has dry (land) storage with 48%\nof respondents indicating increases in this department. The subject has leased slips with 56% of\nrespondents indicating increases in this department.\n\nThe table that follows summarizes marina expenses by age of the marina.\n\nMarina Expenses - 2014 Over 2013\n\nDecreased Stayed Same Increased\nFacili e % of Respondents\nNew (Less than 7 Years) 15.0% 40.0% 43.0%\nMedium (8 - 35 Years) 8.0% 27.0% 65.0%\nOld (36+ Years) 6.0% 22.0% 72.0%\nOverall 8.0% 25.0% 67.0%\n\nThe subject is 21-25 years old. The majority (72%) of marinas over 36 years of age indicated increases\nin operating expenses.\n\nIGY American Yacht Harbor Marina\n\nHOUSE_OVERSIGHT_018838",
  "metadata": {
    "original_filename": "IMAGES-005-HOUSE_OVERSIGHT_018838.txt",
    "source_dataset": "huggingface:tensonaut/EPSTEIN_FILES_20K",
    "character_count": 1764,
    "word_count": 264,
    "line_count": 53,
    "import_date": "2025-11-19T21:47:49.069435",
    "prefix": "IMAGES-005"
  }
}